code/lidar.txt
ncols        425
nrows        297
xllcorner    641635.9369033765
yllcorner    3608392.744332656
cellsize     1.0
NODATA_value      0
[rows 32 to 63 of 297, columns 284 to 354 of 425]
207.47 207.44 207.44 207.43 207.40 207.40 207.38 207.39 207.36 207.35 207.34 207.35 207.33 207.29 207.30 207.29 207.32 207.32 207.26 207.24 207.17 207.12 207.11 207.10 207.06 207.04 206.96 206.90 206.82 206.81 206.76 206.75 206.68 206.65 206.59 206.52 206.56 206.53 206.67 206.42 206.37 206.31 206.27 206.26 206.20 206.18 206.13 206.17 206.12 206.17 206.15 206.13 206.00 206.00 205.97 205.89 205.95 205.91 205.89 205.80 205.93 205.91 206.05 205.97 205.83 205.79 205.78 205.76 205.75 205.80 205.79
207.47 207.44 207.43 207.42 207.41 207.41 207.41 207.40 207.37 207.38 207.37 207.35 207.36 207.33 207.33 207.35 207.32 207.35 207.34 207.29 207.25 207.21 207.20 207.19 207.14 207.24 207.20 207.00 206.92 206.88 206.90 206.84 206.80 206.75 206.71 206.67 206.65 206.75 206.83 206.59 206.50 206.43 206.44 206.46 206.34 206.34 206.30 206.27 206.29 206.36 206.39 206.34 206.20 206.17 206.18 206.10 206.15 206.12 206.08 206.04 206.04 206.09 206.17 206.14 206.07 206.03 206.02 206.00 205.97 206.02 206.02
208.13 207.86 207.42 207.42 207.41 207.43 207.40 207.41 207.75 208.26 208.71 208.72 208.06 208.69 208.23 207.32 207.38 207.39 207.38 207.34 207.30 207.30 207.27 207.25 207.24 207.29 207.23 207.09 207.04 207.01 206.98 206.94 206.89 206.86 206.83 206.81 206.80 206.80 206.84 206.67 206.61 206.60 206.61 206.57 206.50 206.49 206.41 206.48 206.40 206.45 206.44 206.44 206.37 206.36 206.27 206.35 206.27 206.32 206.26 206.27 206.28 206.28 206.27 206.27 206.28 206.25 206.23 206.24 206.21 206.25 206.25
208.69 207.94 207.48 207.49 207.49 207.54 207.52 207.59 208.43 208.17 207.94 208.12 208.19 208.09 207.78 207.39 207.40 207.42 207.41 207.41 207.36 207.37 207.34 207.32 207.28 207.26 207.18 207.13 207.14 207.11 207.08 207.04 207.00 206.98 206.94 206.91 206.87 206.87 206.82 206.76 206.74 206.75 206.75 206.73 206.67 206.66 206.68 206.64 206.58 206.54 206.55 206.52 206.52 206.56 206.51 206.56 206.50 206.54 206.49 206.48 206.49 206.50 206.45 206.46 206.47 206.50 206.48 206.46 206.44 206.50 206.48
208.43 208.63 207.74 207.75 207.74 207.74 207.74 207.75 208.41 208.25 208.20 208.32 207.69 208.38 208.22 207.49 207.42 207.45 207.45 207.47 207.43 207.44 207.42 207.42 207.35 207.31 207.28 207.25 207.24 207.22 207.18 207.13 207.12 207.11 207.06 207.03 207.00 206.97 206.91 206.91 206.92 206.86 206.91 206.88 206.82 206.81 206.85 206.83 206.79 206.72 206.71 206.74 206.74 206.75 206.71 206.74 206.70 206.73 206.68 206.68 206.76 206.68 206.70 206.65 206.70 206.73 206.72 206.70 206.66 206.73 206.69
209.04 208.08 207.77 207.77 207.75 207.77 207.78 207.77 208.41 208.38 208.61 208.28 208.61 208.74 208.70 208.17 208.40 207.50 207.49 207.50 207.51 207.51 207.49 207.47 207.43 207.40 207.36 207.36 207.34 207.29 207.26 207.26 207.20 207.18 207.15 207.16 207.13 207.08 207.02 207.03 207.04 207.02 207.03 207.06 206.99 207.00 207.02 207.00 206.98 206.93 206.94 206.95 206.97 206.99 206.95 206.97 206.92 206.92 206.92 206.95 206.94 206.89 206.91 206.86 206.94 206.95 206.96 206.92 207.04 206.92 206.91
208.41 208.44 207.80 207.81 207.77 207.80 207.79 207.80 208.43 208.81 208.84 208.59 207.93 208.93 208.74 207.98 208.11 207.92 207.53 207.55 207.54 207.55 207.53 207.56 207.51 207.46 207.46 207.44 207.42 207.37 207.34 207.33 207.28 207.27 207.23 207.24 207.20 207.17 207.14 207.13 207.18 207.15 207.19 207.21 207.14 207.16 207.19 207.17 207.17 207.14 207.13 207.15 207.16 207.19 207.17 207.17 207.15 207.15 207.14 207.18 207.16 207.12 207.14 207.09 207.14 207.11 207.12 207.14 207.17 207.14 207.13
208.56 208.45 207.83 207.83 207.83 207.82 207.85 207.84 208.47 209.00 208.93 208.89 208.48 208.92 208.81 208.82 208.69 208.24 207.58 207.58 207.59 207.57 207.59 207.56 207.57 207.54 207.51 207.51 207.47 207.42 207.42 207.40 207.38 207.36 207.32 207.32 207.30 207.25 207.22 207.25 207.25 207.28 207.31 207.34 207.31 207.34 207.31 207.35 207.31 207.31 207.34 207.33 207.33 207.32 207.30 207.34 207.33 207.30 207.32 207.37 207.36 207.30 207.33 207.30 207.28 207.30 207.32 207.32 207.34 207.30 207.32
208.59 208.44 207.86 207.88 207.86 207.88 207.87 207.86 208.59 208.73 208.92 208.31 209.00 208.77 208.90 208.90 208.85 208.86 207.98 207.63 207.64 207.60 207.63 207.62 207.60 207.58 207.56 207.55 207.53 207.49 207.46 207.46 207.45 207.43 207.41 207.39 207.36 207.34 207.28 207.29 207.34 207.38 207.43 207.47 207.44 207.45 207.44 207.48 207.49 207.50 207.49 207.47 207.46 207.47 207.46 207.47 207.47 207.49 207.47 207.49 207.46 207.46 207.48 207.45 207.46 207.50 207.51 207.46 207.50 207.48 207.48
208.67 208.35 207.89 207.89 207.91 207.91 207.89 207.87 208.47 208.69 208.87 208.34 208.87 208.62 208.79 208.48 208.79 208.71 208.19 208.19 207.92 207.64 207.66 207.68 207.64 207.62 207.63 207.60 207.59 207.53 207.48 207.42 207.44 207.42 207.39 207.33 207.37 207.32 207.30 207.23 207.33 207.51 207.53 207.54 207.57 207.57 207.56 207.56 207.59 207.59 207.59 207.59 207.58 207.60 207.61 207.60 207.58 207.58 207.56 207.59 207.58 207.56 207.61 207.57 207.56 207.59 207.59 207.57 207.56 207.56 207.56
208.49 208.25 207.92 208.04 207.97 207.97 208.05 207.93 209.05 208.54 208.61 208.53 208.56 208.58 208.61 208.56 208.59 208.62 208.52 208.56 208.33 207.70 207.70 207.72 207.72 207.69 207.65 207.65 207.63 207.63 203.36 199.09 199.09 199.09 199.09 199.09 199.09 199.09 199.09 203.31 207.53 207.57 207.56 207.61 207.55 207.61 207.61 207.59 207.57 207.59 207.60 207.61 207.56 207.61 207.62 207.64 207.59 207.62 207.60 207.58 207.58 207.59 207.59 207.57 207.61 207.59 207.56 207.58 207.55 207.55 207.55
208.88 208.71 208.24 208.23 208.25 208.22 208.24 208.23 208.93 208.78 208.50 208.50 208.49 208.50 208.45 208.46 208.47 208.47 208.50 208.50 208.56 207.98 207.75 207.75 207.73 207.72 207.71 207.71 207.58 203.34 199.09 199.09 199.09 199.09 199.09 199.09 199.09 199.09 199.09 199.09 199.09 199.09 199.09 199.09 199.09 199.09 199.09 199.09 199.09 199.09 199.09 199.09 199.09 199.09 199.09 199.09 199.09 199.09 199.09 199.09 199.09 199.09 199.09 199.09 199.09 199.09 199.09 199.09 199.09 199.09 199.09
208.56 208.23 208.25 208.25 208.22 208.24 208.24 208.20 208.70 208.76 208.48 208.48 208.49 208.45 208.47 208.47 208.48 208.47 208.46 208.47 208.54 208.39 207.96 207.79 207.78 207.77 207.86 207.88 203.49 199.09 199.09 199.09 199.09 199.09 199.09 199.09 199.09 199.09 199.09 199.09 199.09 199.09 199.09 199.09 199.09 199.09 199.09 199.09 199.09 199.09 199.09 199.09 199.09 199.09 199.09 199.09 199.09 199.09 199.09 199.09 199.09 199.09 199.09 199.09 199.09 199.09 199.09 199.09 199.09 199.09 199.09
209.15 208.23 208.24 208.24 208.24 208.23 208.22 208.20 208.22 208.65 208.49 208.44 208.45 208.56 208.37 208.43 208.60 208.31 208.31 208.42 208.27 208.31 208.23 207.82 207.83 207.81 208.13 207.91 216.20 224.50 224.86 225.25 225.59 225.97 226.09 225.86 225.61 225.29 224.92 224.49 211.79 199.09 211.65 224.21 211.65 199.09 199.09 199.09 199.09 211.64 224.19 224.18 224.22 211.66 211.64 224.18 224.17 224.16 211.63 211.65 224.20 224.19 224.18 224.19 224.19 211.64 211.63 224.17 224.18 224.18 224.19
208.33 208.22 203.66 199.09 199.09 199.09 199.09 199.09 199.09 203.63 208.16 208.13 208.07 208.14 208.02 208.03 208.00 207.99 207.98 207.92 207.88 207.86 207.83 207.84 207.83 207.84 208.04 212.02 224.16 224.31 224.88 225.26 225.65 225.94 226.05 225.97 225.62 225.19 224.88 224.25 224.12 224.12 224.10 224.09 224.11 224.08 224.04 224.11 224.09 224.11 224.09 224.09 224.07 224.03 224.07 224.06 224.06 224.05 224.03 223.99 224.06 224.05 224.05 224.01 224.03 224.03 223.98 224.01 224.07 224.02 224.07
199.09 199.09 199.09 199.09 199.09 199.09 199.09 199.09 199.09 199.09 199.09 199.09 199.09 199.09 203.55 208.01 207.99 208.34 207.96 207.85 207.86 208.26 208.31 207.82 207.85 207.89 208.18 208.08 220.04 224.59 224.91 225.31 225.62 225.85 226.07 225.98 225.65 225.21 224.87 224.55 224.37 224.82 224.22 224.49 224.76 224.82 224.91 224.58 224.84 224.81 224.90 224.62 224.80 224.88 224.86 224.82 224.88 224.82 224.83 224.93 224.47 224.61 224.27 224.84 224.89 224.88 224.89 224.82 224.93 224.91 224.90
199.09 199.09 199.09 199.09 199.09 199.09 199.09 199.09 199.09 199.09 199.09 199.09 199.09 199.09 203.85 208.61 208.19 208.29 209.32 213.31 208.65 208.29 208.16 207.83 207.85 207.88 208.18 208.05 217.59 224.98 225.07 225.36 225.61 225.89 226.10 225.96 225.60 225.18 225.13 225.10 225.09 225.07 225.08 225.12 225.11 225.07 225.10 225.14 225.10 225.04 225.23 225.18 225.10 225.14 225.15 225.13 225.18 225.14 225.08 225.25 225.12 225.20 225.11 225.15 225.12 225.20 225.21 225.18 225.21 225.20 225.22
199.09 199.09 199.09 199.09 199.09 199.09 199.09 199.09 199.09 199.09 199.09 199.09 199.09 199.09 203.59 208.08 208.16 208.13 212.77 213.69 213.16 207.89 207.92 207.87 207.88 207.94 208.22 214.48 219.99 224.99 225.34 225.44 225.59 225.94 226.17 225.95 225.59 225.42 225.44 225.40 225.38 225.41 225.44 225.46 225.42 225.39 225.44 225.42 225.44 225.43 225.48 225.45 225.46 225.53 225.50 225.50 225.43 225.50 225.46 225.50 225.48 225.53 225.50 225.48 225.50 225.54 225.55 225.53 225.56 225.46 225.51
226.34 226.70 227.11 227.47 227.74 227.77 227.41 226.99 226.61 226.37 226.09 225.67 225.29 224.88 224.79 219.04 208.15 209.47 212.49 215.94 212.59 210.51 208.65 207.92 207.90 207.94 208.08 213.43 218.66 225.01 225.40 225.62 225.78 225.88 226.09 225.94 225.81 225.72 225.78 225.71 225.76 225.77 225.76 225.70 225.83 225.79 225.78 225.77 225.77 225.81 225.81 225.79 225.80 225.88 225.87 225.86 225.79 225.84 225.80 225.79 225.84 225.86 225.82 225.81 225.83 225.86 225.89 225.83 225.92 225.85 225.86
226.32 226.72 227.12 227.51 227.72 227.75 227.38 226.98 226.60 226.44 226.14 225.62 225.26 224.83 224.42 224.29 211.69 206.43 213.78 214.49 211.37 209.28 208.03 207.96 207.94 207.98 208.07 216.09 216.16 225.06 225.39 225.65 225.89 226.06 226.15 226.08 226.13 226.00 226.15 226.05 226.07 226.11 226.06 226.06 226.12 226.13 226.05 226.09 226.13 226.16 226.19 226.14 226.12 226.18 226.14 226.21 226.12 226.15 226.18 226.14 226.21 226.11 226.15 226.13 226.20 226.19 226.23 226.20 226.16 226.18 226.15
226.40 226.75 227.09 227.42 227.64 227.79 227.33 226.96 226.58 226.45 226.09 225.60 225.30 225.16 224.57 224.22 211.66 199.09 199.09 204.25 209.40 208.47 208.07 207.99 207.97 208.00 208.09 216.09 217.07 225.04 225.41 225.54 225.85 226.22 226.39 226.39 226.44 226.42 226.36 226.38 226.36 226.42 226.39 226.46 226.39 226.48 226.41 226.44 226.51 226.47 226.44 226.48 226.46 226.42 226.48 226.39 226.46 226.49 226.52 226.50 226.48 226.45 226.50 226.51 226.48 226.49 226.56 226.54 226.53 226.56 226.48
226.36 226.77 227.12 227.22 227.62 227.72 227.37 226.97 226.74 226.46 226.06 225.65 225.34 225.16 224.43 224.25 224.20 224.14 224.16 224.17 216.18 208.20 208.07 208.00 208.02 208.02 208.09 217.25 218.94 225.03 225.23 225.54 225.87 226.23 226.62 226.74 226.75 226.77 226.74 226.78 226.71 226.75 226.76 226.74 226.75 226.80 226.75 226.80 226.89 226.81 226.78 226.79 226.80 226.78 226.75 226.77 226.79 226.86 226.86 226.80 226.83 226.80 226.87 226.82 226.81 226.79 227.00 226.88 226.88 226.90 226.79
226.45 226.73 227.00 227.26 227.60 227.74 227.30 226.95 226.86 226.44 226.02 225.64 225.38 225.12 224.38 224.16 224.02 224.00 224.27 224.16 224.11 208.23 208.05 208.03 208.04 208.05 208.12 217.72 217.83 224.98 225.29 225.49 225.89 226.26 226.60 226.99 227.05 227.04 227.11 227.09 227.07 227.12 227.11 227.09 227.03 227.06 227.13 227.18 227.10 227.12 227.12 227.16 227.17 227.10 227.13 227.13 227.16 227.27 227.19 227.17 227.17 227.18 227.16 227.16 227.13 227.14 227.23 227.23 227.20 227.09 227.01
226.38 226.69 227.02 227.26 227.63 227.68 227.32 226.92 226.86 226.42 225.99 225.60 225.32 225.15 224.93 224.91 224.88 224.89 224.94 224.10 224.06 208.25 208.61 208.11 208.06 208.07 208.11 213.44 218.72 224.95 225.18 225.53 225.91 226.27 226.68 227.00 227.25 227.36 227.37 227.42 227.40 227.39 227.43 227.53 227.46 227.39 227.48 227.50 227.45 227.49 227.46 227.53 227.52 227.50 227.49 227.48 227.52 227.46 227.50 227.49 227.48 227.55 227.51 227.50 227.49 227.49 227.57 227.45 227.53 213.31 199.09
226.40 226.63 226.86 227.27 227.66 227.66 227.35 227.08 226.80 226.36 226.01 225.57 225.40 225.26 225.26 225.21 225.15 225.27 225.07 224.09 224.07 216.13 208.19 208.06 208.07 208.06 208.16 213.50 221.63 224.94 225.17 225.53 225.94 226.30 226.66 227.03 227.22 227.51 227.69 227.73 227.74 227.73 227.71 213.40 213.44 227.78 227.77 227.81 227.89 227.80 227.84 227.83 227.89 227.82 227.84 227.77 227.86 227.83 227.80 227.84 227.84 227.88 227.83 227.86 227.75 227.86 227.91 227.85 227.92 213.50 213.49
226.45 226.71 226.91 227.28 227.69 227.63 227.29 227.17 226.80 226.37 225.93 225.73 225.62 225.57 225.61 225.54 225.67 225.47 225.09 223.94 224.05 211.57 199.09 199.09 199.09 199.09 211.58 224.06 224.24 224.87 225.19 225.57 225.96 226.34 226.60 226.91 227.31 227.51 227.87 228.06 228.08 228.12 228.06 213.58 213.60 228.10 228.16 228.23 228.18 228.13 228.16 228.16 228.10 228.10 228.18 228.13 228.22 228.19 228.14 228.17 228.19 228.14 228.16 228.23 228.12 228.20 228.26 228.17 228.21 213.65 213.65
226.47 226.56 226.88 227.31 227.69 227.60 227.26 227.12 226.77 226.32 226.02 225.96 225.87 225.87 225.97 225.91 225.83 225.43 225.04 223.90 224.07 224.14 224.10 211.60 199.09 199.09 211.58 224.07 223.96 224.68 225.19 225.58 225.99 226.35 226.60 226.93 227.18 227.46 227.92 228.24 228.33 228.37 228.32 228.26 228.30 228.34 228.36 228.33 228.35 228.34 228.37 228.41 228.31 228.36 228.35 228.31 228.34 228.32 228.36 228.36 228.31 228.28 228.31 228.31 228.36 228.31 228.36 228.32 228.32 213.71 213.72
226.26 226.57 226.91 227.31 227.75 227.61 227.37 227.11 226.78 226.33 226.18 226.28 226.26 226.23 226.21 226.01 225.86 225.44 225.03 223.84 223.94 223.90 224.09 224.13 211.61 211.62 224.15 224.15 224.00 224.89 225.26 225.63 226.02 226.27 226.61 226.81 227.12 227.53 227.91 228.11 228.10 228.09 228.01 228.10 228.11 228.11 228.09 228.05 228.08 228.07 228.07 228.10 228.05 228.08 228.01 228.08 228.04 228.05 228.10 228.05 228.03 228.00 228.05 228.05 228.06 228.04 228.04 227.98 228.08 228.02 228.01
226.55 226.65 226.92 227.34 227.71 227.55 227.51 227.16 226.73 226.52 226.57 226.61 226.61 226.55 226.34 226.13 225.83 225.41 224.98 224.69 224.61 223.88 224.06 224.06 224.07 224.06 224.03 224.05 223.89 224.90 225.23 225.66 226.00 226.25 226.55 226.84 227.18 227.51 227.76 227.72 227.78 227.72 227.73 227.78 227.75 227.71 227.78 227.75 227.77 227.77 227.70 227.68 227.75 227.73 227.69 227.72 227.71 227.74 227.74 227.75 227.74 227.71 227.75 227.71 227.75 227.64 227.67 227.68 227.69 227.72 227.62
226.90 226.86 227.01 227.35 227.72 227.70 227.50 227.12 226.87 226.89 226.92 226.87 226.94 226.69 226.32 226.02 225.80 225.36 224.99 224.84 224.84 224.59 224.87 224.87 224.88 224.84 224.89 224.89 224.85 224.95 225.29 225.65 225.86 226.25 226.53 226.80 227.20 227.47 227.46 227.42 227.41 227.48 227.41 227.47 227.48 227.41 227.39 227.47 227.42 227.44 227.38 227.38 227.39 227.42 227.38 227.42 227.40 227.37 227.45 227.37 227.39 227.39 227.34 227.31 227.34 227.33 227.35 227.38 227.32 227.31 227.40
227.19 227.16 227.24 227.41 227.76 227.66 227.47 227.29 227.22 227.25 227.13 227.27 227.08 226.68 226.25 226.18 225.83 225.36 225.11 225.16 225.15 225.14 225.20 225.15 225.17 225.11 225.20 225.21 225.20 225.16 225.35 225.65 225.96 226.14 226.49 226.85 227.12 227.11 227.12 227.14 227.14 227.08 227.12 227.15 227.09 227.09 227.09 227.12 227.11 227.04 227.06 227.07 227.03 227.12 227.00 227.03 227.05 227.07 227.12 227.05 227.02 227.06 227.04 227.02 227.03 227.04 227.00 227.00 227.03 227.00 227.24
227.48 227.51 227.56 227.51 227.73 227.82 227.62 227.59 227.55 227.64 227.56 227.49 227.03 226.69 226.42 226.18 225.81 225.34 225.27 225.27 225.26 225.24 225.28 216.80 213.98 219.63 221.03 225.28 225.27 225.21 225.38 225.69 225.90 226.19 226.45 226.74 226.78 226.78 226.79 226.80 226.73 226.79 226.76 226.75 226.76 226.73 226.75 226.75 226.76 226.78 226.79 226.73 226.73 226.71 226.75 226.69 226.68 226.78 226.71 226.74 226.73 226.70 226.77 226.75 226.70 226.69 226.66 226.71 226.76 226.83 227.25
