code/lidar.txt
ncols        425
nrows        297
xllcorner    641635.9369033765
yllcorner    3608392.744332656
cellsize     1.0
NODATA_value      0
[rows 0 to 31 of 297, columns 0 to 70 of 425]
199.09 199.09 199.09 199.80 200.51 200.52 200.50 200.52 200.51 200.52 200.50 200.48 200.48 200.52 200.58 200.62 200.66 200.68 200.67 200.69 200.72 200.73 200.68 200.68 200.69 200.73 200.77 200.77 200.80 200.86 200.90 200.93 200.93 201.00 201.06 201.11 201.15 201.20 201.25 201.30 201.36 201.44 201.50 201.56 201.60 201.70 201.72 201.79 201.85 201.94 202.03 202.07 202.12 202.16 202.22 202.31 202.41 200.75 200.83 202.57 202.63 202.70 202.77 202.82 202.93 201.01 201.10 203.10 203.17 203.21 203.30
199.09 199.09 199.09 199.09 199.09 199.09 199.09 199.09 199.09 199.09 199.09 199.09 199.09 199.09 199.09 199.09 199.09 199.09 199.09 199.09 199.09 199.09 199.09 199.09 199.09 199.09 199.09 199.09 199.09 199.09 199.09 199.09 199.09 199.09 199.09 199.09 199.09 199.09 199.09 199.09 199.09 199.09 199.09 199.09 199.09 199.09 199.09 199.09 199.09 199.09 199.09 199.09 199.09 199.09 199.09 199.09 199.09 199.09 199.09 199.09 199.09 199.09 199.09 199.09 199.09 199.09 199.09 199.09 199.09 199.09 199.09
199.09 199.09 199.09 199.09 199.09 199.09 199.09 199.09 199.09 199.09 199.09 199.09 199.09 199.09 199.09 199.09 199.09 199.09 199.09 199.09 199.09 199.09 199.09 199.09 199.09 199.09 199.09 199.09 199.09 199.09 199.09 199.09 199.09 199.09 199.09 199.09 199.09 199.09 199.09 199.09 199.09 199.09 199.09 199.09 199.09 199.09 199.09 199.09 199.09 199.09 199.09 199.09 199.09 199.09 199.09 199.09 199.09 199.09 199.09 199.09 199.09 199.09 199.09 199.09 199.09 199.09 199.09 199.09 199.09 199.09 199.09
199.09 199.09 199.09 199.09 199.09 199.09 199.09 199.09 199.09 199.09 199.09 199.09 199.09 199.09 199.09 199.09 199.09 199.09 199.09 199.09 199.09 199.09 199.09 199.09 199.09 199.09 199.09 199.09 199.09 199.09 199.09 199.09 199.09 199.09 199.09 199.09 199.09 199.09 199.09 199.09 199.09 199.09 199.09 199.09 199.09 199.09 199.09 199.09 199.09 199.09 199.09 199.09 199.09 199.09 199.09 199.09 199.09 199.09 199.09 199.09 199.09 199.09 199.09 199.09 199.09 199.09 199.09 199.09 199.09 199.09 199.09
199.09 199.09 199.09 199.09 199.09 199.09 199.09 199.09 199.09 199.09 199.09 199.09 199.09 199.09 199.09 199.09 199.09 199.09 199.09 199.09 199.09 199.09 199.09 199.09 199.09 199.09 199.09 199.09 199.09 199.09 199.09 199.09 199.09 199.09 199.09 199.09 199.09 199.09 199.09 199.09 199.09 199.09 199.09 199.09 199.09 199.09 199.09 199.09 199.09 199.09 199.09 199.09 199.09 199.09 199.09 199.09 199.09 199.09 199.09 199.09 199.09 199.09 199.09 199.09 199.09 199.09 199.09 199.09 199.09 199.09 199.09
199.09 199.09 199.09 199.09 199.09 199.09 199.09 199.09 199.09 199.09 199.09 199.09 199.09 199.09 199.09 199.09 199.09 199.09 199.09 199.09 199.09 199.09 199.09 199.09 199.09 199.09 199.09 199.09 199.09 199.09 199.09 199.09 199.09 199.09 199.09 199.09 199.09 199.09 199.09 199.09 199.09 199.09 199.09 199.09 199.09 199.09 199.09 199.09 199.09 199.09 199.09 199.09 199.09 199.09 199.09 199.09 199.09 199.09 199.09 199.09 199.09 199.09 199.09 199.09 199.09 199.09 199.09 199.09 199.09 199.09 199.09
199.09 199.09 199.09 199.09 199.09 199.09 199.09 199.09 199.09 199.09 199.09 199.09 199.09 199.09 199.09 199.09 199.09 199.09 199.09 199.09 199.09 199.09 199.09 199.09 199.09 199.09 199.09 199.09 199.09 199.09 199.09 199.09 199.09 199.09 199.09 199.09 199.09 199.09 199.09 199.09 199.09 199.09 199.09 199.09 199.09 199.09 199.09 199.09 199.09 199.09 199.09 199.09 199.09 199.09 199.09 199.09 199.09 199.09 199.09 199.09 199.09 199.09 199.09 199.09 199.09 199.09 199.09 199.09 199.09 199.09 199.09
199.09 204.97 210.84 210.84 204.96 204.90 210.71 210.65 210.58 210.61 210.64 204.87 204.88 210.67 210.68 210.69 210.65 210.69 204.89 204.90 210.70 210.74 210.78 212.81 213.43 212.92 213.10 213.18 213.25 213.24 213.22 213.30 213.32 213.33 213.36 213.37 213.37 213.32 213.38 213.39 213.40 213.42 213.40 213.41 213.43 213.45 213.47 213.47 213.51 213.47 219.04 213.49 213.56 216.87 222.07 224.15 226.47 225.40 229.94 213.56 214.93 214.93 215.06 215.13 215.18 215.18 215.19 215.17 215.14 215.11 215.09
212.24 210.81 210.79 210.79 210.73 210.72 210.65 210.55 210.56 210.61 210.60 210.61 210.62 210.63 210.66 210.66 210.65 210.67 210.67 211.38 210.64 210.66 210.78 211.80 213.34 212.92 213.09 213.17 213.26 213.24 213.23 213.27 213.28 213.29 213.31 213.32 213.33 213.35 213.35 213.35 213.39 213.41 213.44 213.40 213.45 213.47 213.50 213.52 213.49 221.64 220.87 209.98 207.38 215.68 225.34 225.71 227.91 225.23 230.88 221.62 214.01 214.97 215.16 215.09 215.08 215.13 215.09 215.12 215.10 215.05 215.05
210.72 210.73 210.73 210.71 210.64 210.64 210.59 210.50 210.51 210.52 210.54 210.55 210.55 210.58 210.59 210.61 210.61 210.62 210.61 210.63 210.63 210.62 210.76 211.81 213.28 212.89 212.99 213.17 213.26 213.20 213.20 213.24 213.25 213.25 213.27 213.28 213.28 213.31 213.32 213.33 213.40 213.36 213.39 213.36 213.39 213.42 213.45 213.43 213.43 221.21 221.70 210.40 206.25 213.41 225.46 224.60 226.10 219.20 223.33 221.52 213.43 213.54 214.77 215.05 215.07 215.01 214.94 215.00 214.97 214.97 214.98
210.68 210.69 210.67 210.63 210.61 210.58 210.53 210.43 210.43 210.45 210.50 210.49 210.50 210.53 210.55 210.56 210.56 210.57 210.58 210.59 210.58 210.59 210.72 211.97 213.15 212.87 212.92 213.15 213.25 213.18 213.18 213.22 213.21 213.23 213.25 213.25 213.27 213.27 213.29 213.30 213.38 213.36 213.34 213.32 213.34 213.35 213.36 213.37 219.15 222.27 222.22 210.66 213.13 227.16 225.41 224.27 216.72 219.04 221.65 218.77 213.35 213.43 213.98 214.37 214.39 214.07 214.21 214.21 214.05 213.62 214.07
210.64 210.61 210.59 210.56 210.55 210.50 210.44 210.36 210.40 210.38 210.44 210.43 210.46 210.47 210.49 210.51 210.51 210.53 210.53 210.56 210.57 210.53 210.70 211.70 212.68 212.77 212.88 213.12 213.22 213.17 213.16 213.18 213.20 213.19 213.23 213.24 213.23 213.27 213.25 213.28 213.36 213.38 213.33 213.30 213.25 213.26 213.27 214.47 221.41 223.05 222.89 210.99 213.13 227.17 227.71 226.06 221.62 221.61 221.35 221.19 213.31 213.31 213.29 213.28 213.28 213.25 213.21 213.23 213.21 213.22 213.21
210.61 210.56 210.51 210.44 210.46 210.43 210.39 210.31 210.34 210.37 210.41 210.38 210.40 210.43 210.44 210.46 210.46 210.49 210.50 210.50 210.53 210.51 210.62 211.67 212.95 212.89 212.82 213.07 213.18 213.11 213.14 213.16 213.17 213.18 213.21 213.23 213.22 213.25 213.25 213.29 213.31 213.31 213.27 213.23 213.22 213.21 213.12 214.12 217.13 222.36 221.86 210.48 199.09 214.27 229.44 229.02 229.22 229.16 225.99 223.43 213.33 213.30 213.28 213.24 213.25 213.27 213.22 213.21 213.18 213.16 213.16
210.57 210.50 210.44 210.37 210.38 210.35 210.24 210.27 210.29 210.29 210.34 210.32 210.36 210.38 210.39 210.41 210.42 210.45 210.48 210.46 210.48 210.47 210.60 211.59 213.03 212.75 212.72 212.97 213.13 213.12 213.18 213.19 213.23 213.26 213.26 213.25 213.26 213.25 213.29 213.29 213.20 213.19 213.12 213.09 213.07 213.10 213.03 213.02 213.58 216.21 212.92 232.31 212.95 212.92 228.43 229.00 228.85 228.79 227.63 221.04 214.45 213.24 213.11 212.94 213.00 213.02 213.03 212.88 212.96 212.81 212.81
210.53 210.45 210.38 210.35 210.31 210.27 210.17 210.21 210.22 210.22 210.27 210.29 210.29 210.32 210.34 210.35 210.38 210.40 210.43 210.44 210.47 210.44 210.57 210.59 212.16 213.14 212.67 212.93 213.03 213.08 213.11 213.12 213.16 213.18 213.16 213.10 213.14 213.09 213.09 213.08 213.05 213.02 212.96 213.00 212.98 213.01 212.94 212.87 221.28 223.59 222.44 233.06 219.60 224.15 229.04 229.48 229.48 229.85 214.47 207.35 215.61 212.75 212.75 212.67 212.53 212.51 212.57 212.41 212.34 212.37 212.24
210.48 210.41 210.32 210.29 210.26 210.24 210.12 210.14 210.16 210.19 210.23 210.23 210.22 210.25 210.29 210.30 210.35 210.36 210.38 210.39 210.43 210.43 210.51 210.57 211.12 213.10 212.67 212.86 212.94 212.96 212.98 213.00 212.99 213.02 213.00 212.96 212.98 213.04 212.96 212.90 212.89 212.84 212.83 212.88 212.89 212.92 212.77 212.73 220.85 218.71 219.62 223.15 226.67 227.26 230.42 229.83 230.38 229.65 216.95 216.56 213.59 212.43 212.47 212.25 212.11 212.16 212.14 211.97 211.81 211.86 211.88
210.44 210.35 210.29 210.23 210.22 210.18 210.09 210.07 210.11 210.13 210.17 210.19 210.18 210.21 210.24 210.28 210.28 210.31 210.35 210.38 210.37 210.40 210.44 210.56 210.60 212.84 212.70 212.77 212.87 212.86 212.88 212.94 213.15 213.30 213.30 213.51 213.78 213.38 213.24 213.50 213.51 212.68 212.67 212.71 212.70 212.61 212.58 212.54 225.10 220.42 221.03 234.06 219.88 222.57 231.12 231.04 230.41 230.05 229.67 213.55 212.29 211.87 211.79 211.65 211.67 211.64 211.62 211.65 211.66 211.67 211.68
210.40 210.30 210.25 210.19 210.18 210.11 210.03 210.03 210.07 210.10 210.15 210.12 210.14 210.16 210.18 210.21 210.25 210.26 210.29 210.31 210.34 210.37 210.41 210.53 210.56 211.93 213.02 212.62 212.70 212.78 212.79 212.78 213.34 212.50 212.56 213.11 213.69 214.22 213.57 214.42 214.40 213.09 212.42 212.51 212.39 212.31 212.23 212.28 217.55 222.18 226.01 234.10 228.73 232.17 221.86 231.19 230.80 230.16 220.19 211.57 211.51 211.51 211.55 211.55 211.55 211.56 211.53 211.56 211.56 211.58 211.56
210.34 210.24 210.21 210.18 210.12 210.08 210.00 209.97 210.02 210.05 210.09 210.11 210.11 210.13 210.15 210.17 210.20 210.20 210.26 210.27 210.29 210.33 210.35 210.50 210.53 210.57 213.07 212.65 212.58 212.61 212.64 212.84 212.69 211.97 212.04 212.12 212.98 213.23 213.04 213.17 212.92 212.62 212.04 211.91 211.96 211.91 211.94 211.97 219.94 217.37 222.43 224.60 233.38 222.18 220.37 228.72 230.23 229.54 220.09 211.46 211.46 211.47 211.45 211.44 211.44 211.47 211.49 211.48 211.53 211.54 211.57
210.28 210.22 210.18 210.12 210.09 210.03 209.96 209.98 210.02 210.03 210.05 210.07 210.12 210.09 210.12 210.11 210.13 210.15 210.20 210.23 210.26 210.30 210.33 210.44 210.50 210.53 212.14 212.14 213.13 212.46 212.49 212.96 212.23 211.45 211.61 211.73 211.80 211.87 211.82 211.67 211.62 211.62 211.44 211.49 211.47 211.50 211.57 211.59 222.65 219.41 223.32 226.83 221.43 220.81 217.39 222.83 225.98 225.48 219.94 211.36 211.34 211.35 211.37 211.42 211.48 211.50 211.48 211.51 211.55 211.55 211.59
210.24 210.14 210.12 210.07 210.04 209.98 209.97 209.89 209.92 209.95 210.00 210.00 210.01 210.00 210.04 210.07 210.06 210.10 210.14 210.16 210.19 210.23 210.30 210.35 210.45 210.50 210.45 211.46 211.71 213.12 212.90 213.05 211.55 211.11 211.08 211.31 211.41 211.33 211.20 211.20 211.16 211.22 211.10 211.13 211.13 211.18 211.15 211.18 211.16 211.16 224.46 223.86 223.13 221.45 213.57 222.28 220.52 219.08 220.03 211.31 211.34 211.37 211.38 211.45 211.49 211.47 211.50 211.52 211.57 211.59 211.62
210.20 210.15 210.10 210.00 209.95 209.96 209.88 209.87 209.90 209.96 209.92 209.93 209.97 209.98 210.02 210.03 204.56 204.61 210.12 210.13 210.18 210.23 210.28 210.32 210.37 210.38 210.40 210.42 210.75 212.33 212.69 211.60 210.62 210.76 210.64 210.78 210.90 210.82 210.82 210.86 210.86 210.89 210.90 210.91 210.94 211.00 211.02 215.24 211.08 211.10 216.73 221.96 220.40 218.27 216.86 223.82 220.36 217.77 216.12 211.33 211.34 211.38 211.41 211.46 211.49 211.51 211.50 211.55 211.59 211.58 211.60
210.17 210.12 210.06 209.99 209.83 209.81 209.81 209.82 209.90 209.92 209.93 209.95 209.95 209.95 209.99 210.71 211.48 210.54 210.05 210.07 210.12 210.16 210.22 210.26 210.30 210.30 210.35 210.37 210.42 210.45 210.49 210.44 210.42 210.44 210.48 210.53 210.59 210.63 210.65 210.68 210.73 210.79 210.78 210.84 210.86 210.91 210.96 213.61 210.95 215.24 217.47 211.04 217.16 211.13 211.16 211.18 215.38 214.98 217.18 211.36 211.36 211.41 211.43 211.47 211.49 211.51 211.55 211.55 211.59 211.60 211.61
210.16 210.14 210.10 209.99 209.73 209.75 209.74 209.80 209.82 209.86 209.87 209.89 209.90 209.90 209.95 211.00 210.66 210.70 210.00 210.05 210.10 210.14 210.19 210.24 210.25 210.29 210.29 210.32 210.37 210.40 210.40 210.38 210.38 210.41 210.44 210.51 210.54 210.57 210.61 210.58 210.63 210.66 210.66 210.74 210.77 210.79 210.82 210.88 210.94 211.00 211.02 211.06 211.12 211.15 211.18 211.19 211.22 211.29 211.35 211.33 211.38 211.40 211.44 211.50 211.51 211.51 211.55 211.56 211.62 211.62 211.64
210.05 210.12 210.07 209.71 209.65 209.66 209.67 209.75 209.78 209.82 209.85 209.83 209.86 209.84 209.88 209.93 210.28 209.96 209.99 209.99 210.06 210.08 210.13 210.14 210.19 210.22 210.25 210.26 210.26 210.29 210.29 210.29 210.23 210.28 210.32 210.38 210.43 210.43 210.48 210.52 210.58 210.66 210.67 210.73 210.80 210.83 210.83 210.91 210.97 211.01 211.02 211.05 211.10 211.13 211.19 211.19 211.24 211.27 211.31 211.35 211.38 211.43 211.47 211.51 211.53 211.53 211.56 211.58 211.62 211.63 211.66
210.12 210.11 209.89 209.55 209.55 209.60 209.66 209.69 209.75 209.76 209.78 209.79 209.81 209.82 209.83 209.87 209.93 209.94 209.95 209.98 210.02 210.05 210.10 210.12 210.15 210.18 210.20 210.22 210.22 210.23 210.23 210.21 210.23 210.27 210.31 210.39 210.45 210.43 210.50 210.55 210.60 210.66 210.69 210.74 210.82 210.85 210.87 210.93 210.99 211.05 211.04 211.08 211.11 211.17 211.18 211.19 211.26 211.29 211.33 211.37 211.40 211.44 211.47 211.53 211.56 211.55 211.58 211.61 211.62 211.63 211.65
204.44 209.79 209.43 209.48 209.49 209.54 209.63 209.68 209.73 209.75 209.77 209.79 209.80 209.78 209.84 209.86 209.87 209.90 209.92 209.95 209.99 210.04 210.06 210.10 210.10 210.14 210.15 210.17 210.20 210.22 210.23 210.22 210.26 210.31 210.35 210.40 210.46 210.48 210.53 210.60 210.62 210.67 210.70 210.76 210.82 210.86 210.87 210.91 210.98 211.01 211.01 211.07 211.12 211.17 211.20 211.22 211.26 211.32 211.36 211.38 211.41 211.47 211.50 211.48 211.50 211.54 211.57 211.58 211.60 211.59 211.62
204.26 209.42 209.41 209.43 209.47 209.55 209.60 209.64 209.69 209.71 209.72 209.76 209.76 209.78 209.79 209.81 209.87 209.88 209.91 209.94 209.96 209.99 210.03 210.04 210.05 210.09 210.12 210.16 210.17 210.20 210.20 210.25 210.26 210.32 210.37 210.42 210.45 210.48 210.55 210.60 210.63 210.66 210.67 210.71 210.70 210.75 210.89 210.94 210.99 210.98 211.05 211.09 211.16 211.17 211.23 211.24 211.30 211.36 211.29 211.39 211.41 211.44 211.46 211.49 211.50 211.51 211.55 211.55 211.57 211.59 211.62
209.48 209.40 209.40 209.47 209.47 209.54 209.60 209.62 209.65 209.68 209.72 209.73 209.76 209.77 209.75 209.82 209.82 209.86 209.91 209.90 209.94 209.97 209.99 210.02 210.02 210.06 210.09 210.12 210.15 210.17 210.19 210.23 210.28 210.28 210.29 210.38 210.39 210.46 210.51 210.59 210.60 210.61 211.62 212.64 205.87 204.99 210.90 210.97 211.00 211.03 211.06 211.12 211.18 211.17 211.21 211.23 211.28 211.29 211.30 211.34 211.39 211.41 211.45 211.47 211.49 211.49 211.52 211.54 211.53 211.56 211.55
209.45 209.42 209.45 209.47 209.49 209.56 209.60 209.62 209.66 209.66 209.69 209.71 209.70 209.73 209.76 209.78 209.82 209.84 209.85 209.89 209.89 209.92 209.95 209.98 209.98 210.00 210.05 210.09 210.13 210.16 210.17 210.21 210.51 211.62 212.29 212.35 212.35 210.48 210.51 210.59 210.64 210.73 210.82 211.73 210.88 210.89 210.92 210.98 211.01 211.04 211.08 211.12 211.15 211.15 211.22 211.24 211.27 211.30 211.31 211.34 211.38 211.40 211.42 211.44 211.45 211.46 211.47 211.50 211.50 211.54 211.56
209.51 209.47 209.49 209.50 209.52 209.53 209.58 209.55 209.62 209.63 209.66 209.69 209.72 209.72 209.75 209.78 209.80 209.82 209.85 209.84 209.86 209.86 209.91 209.94 209.96 210.01 210.04 210.09 210.12 210.15 210.18 210.24 210.66 211.22 211.76 211.26 211.93 210.53 210.56 210.60 210.66 210.73 210.77 210.81 210.84 210.88 210.92 210.98 210.97 211.01 211.04 211.11 211.12 211.12 211.19 211.20 211.24 211.29 211.30 211.31 211.36 211.35 211.38 211.40 211.41 211.42 211.47 211.46 211.48 211.55 211.55
209.56 209.55 209.53 209.53 209.48 204.29 204.31 209.53 209.64 209.63 209.66 209.65 209.68 209.71 209.70 209.77 209.78 209.81 209.82 209.83 209.85 209.84 209.87 209.92 209.94 209.99 210.06 210.08 210.09 210.14 210.18 210.23 210.31 211.13 210.39 210.42 210.47 210.54 210.57 210.62 210.64 210.70 210.75 210.81 210.80 210.84 210.89 210.95 210.99 211.01 211.04 211.07 211.11 211.12 211.15 211.19 211.27 211.25 211.26 211.31 211.32 211.34 211.37 211.37 211.42 211.42 211.46 211.48 211.46 211.53 211.56
