code/lidar.txt
ncols        425
nrows        297
xllcorner    641635.9369033765
yllcorner    3608392.744332656
cellsize     1.0
NODATA_value      0
[rows 192 to 223 of 297, columns 213 to 283 of 425]
203.62 203.55 203.51 203.49 203.46 203.41 203.37 203.34 203.32 203.31 203.28 203.26 203.20 203.19 203.16 203.12 203.08 203.04 203.02 202.98 203.23 203.24 203.20 203.18 203.13 202.99 203.15 203.58 202.63 202.59 202.56 202.88 202.81 202.87 202.77 202.73 202.35 204.45 202.78 202.37 202.48 202.45 202.41 202.39 202.38 202.35 202.27 202.12 201.93 201.87 201.87 201.79 201.74 201.69 201.66 201.61 201.55 201.56 201.96 201.92 201.85 201.74 201.65 201.69 201.72 201.58 201.53 201.68 201.55 201.47 201.34
203.61 203.53 203.50 203.47 203.44 203.41 203.37 203.35 203.32 203.29 203.25 203.23 203.20 203.16 203.15 203.11 203.06 203.02 202.97 202.95 203.17 203.23 203.22 203.21 203.13 202.91 201.00 200.87 202.64 202.59 202.55 202.50 202.45 202.43 202.40 202.39 202.34 203.74 202.68 202.31 202.50 202.46 202.44 202.44 202.38 202.34 202.22 201.95 201.90 201.86 201.84 201.79 201.72 201.66 201.63 201.58 201.52 201.50 201.55 201.72 201.89 201.70 201.63 201.66 201.56 201.50 201.62 201.51 201.55 201.45 201.41
203.59 203.57 203.51 203.49 203.45 203.40 203.35 203.32 203.32 203.28 203.24 203.22 203.19 203.16 203.13 203.09 203.03 203.00 202.98 202.93 203.09 203.16 203.16 203.19 203.12 202.88 204.12 204.15 202.62 202.59 202.54 202.50 202.47 202.42 202.37 202.38 202.33 203.71 203.64 202.34 202.46 202.49 202.44 202.38 202.33 202.20 201.99 201.92 201.88 201.84 201.80 201.75 201.69 201.66 201.61 201.55 201.50 201.50 201.45 201.49 201.64 201.83 201.57 201.57 201.49 201.53 201.52 201.45 201.44 201.40 201.37
203.57 203.53 203.50 203.46 203.44 203.39 203.35 203.31 203.30 203.28 203.22 203.20 203.18 203.15 203.12 203.08 203.04 203.02 202.97 202.91 202.93 202.94 203.08 203.09 203.06 202.86 203.17 203.87 202.62 202.56 202.53 202.49 202.46 202.41 202.39 202.35 202.32 203.75 203.65 202.24 202.42 202.48 202.40 202.31 202.24 202.01 201.92 201.88 201.87 201.80 201.77 201.72 201.67 201.62 201.56 201.51 201.48 201.43 201.43 201.40 201.36 201.43 201.53 201.66 201.46 201.54 201.28 201.30 201.24 201.43 201.27
203.56 203.52 203.48 203.43 203.43 203.37 203.35 203.31 203.28 203.25 203.23 203.18 203.17 203.13 203.09 203.05 203.00 202.99 202.95 202.88 202.84 202.85 202.86 202.95 202.86 202.73 203.24 203.18 202.59 202.56 202.52 202.48 202.44 202.41 202.38 202.34 202.31 202.81 202.94 202.18 202.24 202.23 202.18 202.04 202.00 201.94 201.88 201.85 201.82 201.79 201.74 201.68 201.64 201.61 201.55 201.50 201.45 201.41 201.37 201.32 201.26 201.21 201.24 201.13 201.14 201.13 200.99 201.06 200.93 200.98 200.93
203.55 203.50 203.48 203.44 203.42 203.37 203.35 203.33 203.27 203.25 203.19 203.16 203.13 203.10 203.07 203.03 202.99 202.95 202.92 202.87 202.84 202.81 202.77 202.74 202.69 202.69 202.68 202.62 202.57 202.53 202.51 202.46 202.44 202.40 202.36 202.31 202.29 202.24 202.21 202.18 202.12 202.11 202.03 202.00 201.94 201.91 201.87 201.80 201.79 201.74 201.71 201.63 201.61 201.55 201.52 201.47 201.40 201.37 201.34 201.28 201.23 201.18 201.14 201.12 201.05 201.01 200.95 200.93 200.88 200.87 200.88
203.53 203.49 203.46 203.44 203.39 203.37 203.33 203.31 203.26 203.24 203.20 203.17 203.15 203.11 203.07 203.02 203.00 202.96 202.93 202.87 202.85 202.82 202.77 202.74 202.69 202.65 202.66 202.58 202.55 202.51 202.48 202.45 202.42 202.40 202.34 202.31 202.27 202.22 202.20 202.14 202.12 202.07 202.03 201.99 201.93 201.90 201.86 201.82 201.79 201.74 201.69 201.65 201.62 201.58 201.52 201.48 201.39 201.38 201.34 201.27 201.21 201.18 201.17 201.12 201.06 201.02 200.96 200.93 200.87 200.82 200.86
203.50 203.50 203.46 203.42 203.38 203.37 203.33 203.31 203.27 203.23 203.19 203.18 203.13 203.10 203.05 203.03 203.00 202.97 202.91 202.87 202.82 202.82 202.77 202.71 202.70 202.67 202.63 202.59 202.55 202.52 202.46 202.44 202.41 202.38 202.34 202.30 202.26 202.22 202.18 202.16 202.10 202.06 202.00 201.98 201.93 201.90 201.86 201.81 201.78 201.73 201.68 201.64 201.60 201.57 201.51 201.45 201.43 201.37 201.34 201.26 201.23 201.20 201.16 201.09 201.03 200.97 200.92 200.88 200.84 200.80 200.81
203.51 203.48 203.46 203.41 203.38 203.35 203.32 203.30 203.25 203.24 203.21 203.18 203.14 203.10 203.06 203.03 202.99 202.95 202.90 202.86 202.84 202.80 202.76 202.71 202.67 202.68 202.62 202.57 202.53 202.50 202.47 202.47 202.43 202.36 202.31 202.28 202.24 202.21 202.17 202.13 202.09 202.03 202.00 201.96 201.89 201.87 201.85 201.81 201.78 201.74 201.66 201.63 201.60 201.55 201.49 201.45 201.43 201.37 201.33 201.27 201.22 201.17 201.14 201.06 201.00 200.93 200.92 200.88 200.80 200.73 200.76
203.50 203.45 203.43 203.39 203.36 203.33 203.32 203.27 203.24 203.20 203.20 203.15 203.12 203.09 203.04 203.00 202.98 202.95 202.89 202.86 202.84 202.79 202.74 202.69 202.68 202.63 202.61 202.55 202.50 202.49 202.49 202.44 202.40 202.35 202.31 202.28 202.25 202.21 202.16 202.13 202.07 202.02 201.98 201.95 201.92 201.86 201.83 201.80 201.75 201.71 201.66 201.62 201.58 201.54 201.48 201.44 201.41 201.34 201.31 201.25 201.22 201.18 201.13 201.04 200.97 200.93 200.90 200.83 200.76 200.73 200.71
203.49 203.44 203.41 203.38 203.36 203.35 203.29 203.26 203.23 203.18 203.18 203.13 203.10 203.06 203.03 202.99 202.97 202.94 202.87 202.86 202.84 202.79 202.74 202.69 202.67 202.62 202.59 202.53 202.52 202.50 202.48 202.43 202.37 202.33 202.31 202.28 202.23 202.15 202.15 202.11 202.06 202.02 201.99 201.94 201.91 201.88 201.84 201.79 201.75 201.69 201.65 201.62 201.58 201.52 201.47 201.43 201.39 201.33 201.28 201.23 201.17 201.15 201.09 201.02 200.95 200.92 200.85 200.81 200.74 200.72 200.71
203.44 203.40 203.38 203.36 203.32 203.31 203.27 203.24 203.17 203.15 203.14 203.11 203.07 203.01 203.01 202.99 202.95 202.91 202.88 202.85 202.82 202.77 202.70 202.67 202.67 202.61 202.57 202.52 202.50 202.47 202.44 202.40 202.34 202.31 202.29 202.22 202.20 202.18 202.14 202.09 202.04 202.00 201.96 201.93 201.89 201.84 201.81 201.76 201.72 201.68 201.62 201.59 201.56 201.49 201.44 201.41 201.38 201.30 201.25 201.20 201.17 201.12 201.13 201.17 201.14 201.09 201.06 200.91 200.89 200.89 200.75
203.42 203.41 203.36 203.32 203.32 203.29 203.25 203.21 203.18 203.15 203.10 203.09 203.05 203.02 202.99 202.97 202.94 202.90 202.85 202.85 202.82 202.76 202.72 202.67 202.63 202.61 202.55 202.50 202.49 202.44 202.42 202.38 202.31 202.29 202.25 202.22 202.17 202.15 202.12 202.08 202.03 201.99 201.95 202.11 202.47 201.81 201.77 201.74 201.97 202.24 201.59 201.59 201.90 201.47 201.42 201.39 201.36 201.84 201.80 201.18 201.09 201.09 201.30 201.38 201.23 201.18 201.19 201.10 200.95 200.91 200.87
203.38 203.40 203.39 203.35 203.35 203.31 205.95 206.78 208.60 208.57 205.78 203.17 203.12 203.09 203.06 202.99 202.94 202.89 202.87 202.82 202.81 202.76 202.71 202.70 202.64 202.61 202.55 202.53 202.49 202.44 202.40 202.38 202.35 202.32 202.27 202.23 202.21 202.14 202.13 202.07 202.04 202.01 201.96 202.63 203.17 202.41 202.92 201.93 202.40 202.94 202.72 201.59 202.61 201.48 201.44 201.40 201.36 202.61 202.57 201.22 201.21 201.20 201.31 201.31 201.30 201.18 201.14 201.10 201.03 200.97 200.86
203.49 203.46 203.43 203.42 203.38 203.36 208.19 208.20 208.25 208.18 208.20 203.19 202.28 203.16 203.13 203.06 202.95 202.92 202.90 202.88 202.84 202.78 202.73 202.71 202.67 202.64 202.56 202.54 202.51 202.48 202.44 202.41 202.37 202.34 202.29 202.27 202.24 202.18 202.13 202.10 202.05 202.02 201.99 202.63 203.36 202.18 203.26 202.46 202.18 203.13 203.09 202.24 203.03 201.47 201.45 201.41 201.37 202.69 202.66 201.21 201.19 201.17 201.25 201.29 201.28 201.19 201.35 201.73 201.23 200.91 200.88
203.53 203.48 203.45 203.42 203.39 203.36 207.70 207.72 207.75 207.57 207.67 201.85 201.56 203.15 203.23 203.08 202.98 202.96 202.93 202.90 202.86 202.83 202.78 202.76 202.70 202.66 202.62 202.60 202.56 202.50 202.47 202.41 202.41 202.37 202.32 202.29 202.25 202.19 202.15 202.13 202.06 202.04 202.00 202.29 203.31 202.49 203.14 202.29 202.25 203.02 202.55 202.26 202.85 201.48 201.49 201.42 201.36 202.51 202.44 201.22 201.21 201.20 201.30 201.27 201.23 201.15 201.56 202.49 201.95 200.92 200.93
203.55 203.51 203.48 203.47 203.41 203.38 206.61 205.78 207.08 207.05 207.06 203.25 202.54 203.25 203.21 203.09 203.01 203.01 202.95 202.94 202.89 202.84 202.81 202.78 202.73 202.68 202.62 202.64 202.57 202.51 202.46 202.45 202.41 202.36 202.34 202.31 202.26 202.21 202.16 202.12 202.10 202.03 202.01 202.35 202.92 202.35 202.78 202.23 202.19 202.67 202.23 202.33 202.49 201.98 201.49 201.41 201.38 202.18 201.96 201.24 201.21 201.19 201.25 201.20 201.22 201.12 200.95 201.45 200.93 200.89 200.79
203.57 203.56 203.51 203.48 203.43 203.43 205.86 205.01 205.26 204.24 204.35 203.25 203.26 203.24 203.20 203.12 203.16 203.03 202.98 202.95 202.89 202.88 202.88 202.82 202.80 202.74 202.71 202.71 202.63 202.56 202.52 202.51 202.44 202.39 202.36 202.32 202.26 202.22 202.27 202.21 202.16 202.13 202.09 202.25 202.48 201.99 202.30 202.07 202.14 202.24 202.16 201.91 202.05 201.78 201.64 201.56 201.52 201.47 201.43 201.36 201.35 201.27 201.19 201.15 201.11 201.00 200.93 200.89 200.82 200.74 200.66
203.59 203.59 203.55 203.51 203.48 203.48 203.45 203.41 203.37 203.38 203.34 203.31 203.28 203.30 203.22 203.20 203.21 203.18 203.14 203.12 203.01 202.97 203.01 202.98 202.96 202.92 202.86 202.82 202.72 202.66 202.61 202.61 202.59 202.43 202.36 202.31 202.25 202.28 202.29 202.26 202.23 202.17 202.13 202.08 202.02 201.99 201.94 201.89 201.86 201.81 201.77 201.73 201.64 201.63 201.62 201.57 201.54 201.48 201.44 201.41 201.32 201.27 201.22 201.16 201.09 200.98 200.94 200.87 200.81 200.74 200.64
203.59 203.59 203.56 203.54 203.51 203.51 203.48 203.45 203.42 203.38 203.37 203.35 203.32 203.31 203.28 203.26 203.24 203.23 203.20 203.15 203.11 203.07 203.04 203.00 202.96 202.90 202.86 202.83 202.73 202.66 202.62 202.61 202.61 202.50 202.32 205.19 205.18 205.16 204.65 204.14 202.17 208.04 205.07 208.09 205.01 208.04 204.95 205.93 208.07 208.02 208.09 207.99 208.03 208.07 201.61 202.00 202.46 203.18 202.84 203.47 203.94 201.51 201.41 201.50 201.41 200.93 200.88 200.87 200.82 200.70 200.61
203.58 203.56 203.55 203.56 203.55 203.52 203.49 203.45 203.43 203.37 203.47 203.59 203.50 203.67 203.56 203.46 202.80 202.98 203.23 203.17 203.15 203.05 203.22 203.05 202.96 202.89 202.86 202.79 202.74 202.66 202.83 202.62 202.65 203.12 207.97 207.93 207.94 207.94 207.92 207.95 207.94 207.90 207.90 207.90 207.89 207.89 207.87 207.88 207.88 207.89 207.89 207.91 207.92 207.91 201.58 201.88 202.62 203.19 202.78 203.90 204.16 200.12 201.15 200.92 200.91 200.87 200.82 200.79 200.74 200.71 200.61
203.66 203.61 203.57 203.60 203.65 203.59 201.34 201.35 203.61 203.59 203.57 202.63 201.69 203.52 201.31 201.34 203.58 201.73 203.29 203.16 201.13 201.17 203.25 204.47 205.69 205.06 202.08 199.09 199.09 199.09 199.09 200.91 202.73 203.18 207.88 207.90 207.89 207.90 207.88 207.89 207.87 207.88 207.87 207.89 207.88 209.03 209.44 208.48 207.89 207.88 207.92 208.40 207.90 207.98 204.77 202.34 201.60 200.35 202.20 205.30 206.70 203.92 204.20 204.49 200.84 204.50 200.75 200.72 200.67 200.67 200.69
199.09 199.09 199.09 199.09 199.09 199.09 199.09 199.09 199.09 199.09 199.09 199.09 209.03 218.96 209.03 209.04 218.99 209.04 209.00 218.91 209.00 209.01 218.92 209.01 202.36 205.63 218.92 218.91 218.90 218.90 218.89 210.87 202.84 203.07 207.89 207.89 207.88 207.89 207.90 207.90 207.89 207.88 207.91 207.90 207.90 207.93 209.44 208.69 208.08 207.90 207.94 208.41 207.97 207.90 207.94 208.02 208.00 208.04 207.99 208.01 207.97 208.00 207.98 207.96 207.98 207.98 204.33 200.68 200.63 200.57 200.55
218.88 219.90 219.88 219.39 219.84 219.60 219.37 218.84 219.87 218.86 219.68 209.39 209.46 219.83 219.51 219.65 219.88 209.48 209.49 219.88 219.85 219.83 219.47 220.16 218.84 219.81 219.76 219.84 220.16 220.04 220.29 220.80 202.93 203.29 206.36 207.88 207.86 207.88 207.91 207.91 207.90 207.91 207.90 207.92 207.90 207.92 209.45 209.47 208.12 207.94 207.94 207.91 207.89 207.94 207.92 207.90 207.92 207.94 207.95 207.94 207.95 207.95 207.94 207.94 207.94 207.94 204.28 200.62 200.55 200.53 200.52
220.75 220.69 220.69 220.69 219.41 218.84 220.65 220.12 220.68 220.57 219.66 219.31 218.96 220.52 220.51 220.52 220.50 218.50 217.80 219.86 220.46 220.51 220.40 220.43 218.49 219.14 220.27 220.50 220.27 220.43 220.25 220.39 203.02 203.08 206.39 206.42 207.90 207.90 207.91 207.91 207.92 207.92 207.92 207.93 207.94 207.93 207.97 207.97 207.96 207.93 207.92 207.94 207.92 207.92 207.91 207.91 207.91 207.91 207.91 207.91 207.92 207.94 207.95 207.93 207.92 207.91 208.02 200.56 200.53 200.52 200.49
220.09 220.17 219.73 219.93 219.50 217.75 218.93 219.93 219.38 219.42 219.17 217.80 218.67 219.98 219.47 219.43 219.18 218.28 217.73 218.61 219.43 219.91 219.21 218.86 217.77 219.23 218.75 218.87 218.96 219.35 218.78 218.41 203.09 203.15 203.44 205.72 207.89 207.90 207.91 207.91 207.93 207.90 207.92 207.93 207.93 207.95 207.95 207.96 207.96 207.95 207.94 207.94 207.95 207.93 207.94 207.92 207.92 207.90 207.91 207.90 207.89 207.92 207.90 207.91 207.91 207.88 207.91 208.00 200.49 200.49 200.46
218.40 218.19 219.04 217.83 218.24 217.70 218.22 218.72 218.21 218.23 218.73 217.75 217.79 217.77 218.25 218.38 217.70 218.67 217.69 217.69 217.74 217.77 217.78 217.78 217.73 217.73 217.73 217.69 217.69 217.69 217.72 218.28 203.17 203.22 203.48 205.71 207.91 207.91 207.92 207.92 207.94 207.93 207.95 207.95 207.96 207.97 207.97 207.95 207.95 207.94 207.95 207.95 207.97 207.94 207.96 207.93 207.93 207.92 207.91 207.90 207.88 207.91 207.90 207.90 207.89 207.89 207.91 207.96 200.45 200.48 200.40
217.74 217.76 217.79 217.78 217.74 217.69 217.69 217.67 217.71 217.74 217.75 217.77 217.78 217.80 217.75 217.71 217.72 217.67 217.68 217.73 217.75 217.76 217.80 217.77 217.74 217.73 217.72 217.70 217.70 217.70 217.74 217.76 203.24 203.28 203.52 205.01 207.91 207.92 207.94 207.93 207.95 207.95 207.96 207.96 207.96 207.97 207.97 207.98 207.97 207.97 207.95 207.97 207.98 207.97 207.97 207.96 207.95 207.94 207.93 207.92 207.90 207.89 207.90 207.89 207.91 207.89 207.89 207.90 200.41 200.39 200.36
217.76 217.78 217.80 217.77 217.75 217.71 217.71 217.70 217.70 217.73 217.74 217.75 217.79 217.77 217.75 217.71 217.71 217.74 217.71 217.70 217.73 217.76 217.76 217.79 217.73 217.73 217.72 217.72 217.72 217.70 217.74 217.78 203.38 203.37 203.65 203.60 207.94 207.93 207.92 207.95 207.96 207.94 207.97 207.97 207.97 207.98 207.99 207.98 207.94 207.89 207.93 207.96 207.99 207.98 207.99 207.97 207.97 207.94 207.93 207.90 207.91 207.91 207.92 207.89 207.89 207.88 207.90 207.88 200.35 200.34 200.30
217.75 217.79 217.80 217.77 217.74 217.72 217.72 217.71 217.74 217.73 217.76 217.75 217.78 217.77 217.74 217.74 217.73 217.73 217.73 217.74 217.74 217.78 217.77 217.78 217.75 217.73 217.74 217.73 217.73 217.72 217.72 218.18 203.45 203.47 203.64 203.63 207.89 207.94 207.94 207.95 207.96 207.97 207.96 207.98 207.97 207.97 207.98 212.58 217.19 217.18 217.21 217.18 207.98 207.98 207.97 207.98 207.97 207.93 207.93 207.92 207.91 207.90 207.91 207.92 207.91 207.90 207.89 207.88 207.97 200.28 200.27
217.75 217.79 217.80 217.77 217.75 217.74 217.74 217.74 217.76 217.75 217.75 217.77 217.77 217.78 217.76 217.76 217.76 217.76 217.76 217.75 217.76 217.78 217.79 217.79 217.75 217.76 217.76 217.77 217.74 217.76 217.77 218.02 203.53 203.56 203.97 203.64 205.79 207.94 207.95 207.96 207.98 207.99 207.99 207.98 212.57 217.17 217.23 217.10 217.07 217.07 217.10 217.12 208.00 208.00 207.97 207.97 207.97 207.96 207.95 207.93 207.93 207.91 207.90 207.91 207.89 207.89 207.90 207.88 207.94 200.25 200.26
217.77 217.81 218.00 217.95 217.78 217.77 217.77 217.79 217.77 217.77 217.78 217.78 217.79 217.78 217.79 217.79 217.77 217.79 217.78 217.79 217.78 217.79 217.80 217.78 217.80 217.77 217.78 217.80 217.78 217.77 217.77 218.20 203.63 203.63 204.01 203.67 205.82 207.96 207.96 207.96 207.97 207.98 217.15 217.09 217.10 217.08 217.06 217.06 217.04 217.07 217.07 217.10 207.99 208.00 207.99 207.99 207.97 207.96 207.95 207.94 207.95 207.94 207.93 207.92 207.91 207.92 207.90 207.91 207.90 207.98 200.15
