code/lidar.txt
ncols        425
nrows        297
xllcorner    641635.9369033765
yllcorner    3608392.744332656
cellsize     1.0
NODATA_value      0
[rows 160 to 191 of 297, columns 213 to 283 of 425]
205.95 201.81 201.79 201.79 201.78 201.78 201.80 201.80 202.42 202.69 203.12 206.38 208.27 208.30 208.33 208.38 208.40 208.45 208.51 208.54 208.57 208.59 208.58 208.59 208.58 208.58 208.59 208.58 208.58 208.59 208.57 208.53 208.52 208.46 208.41 208.39 208.34 208.30 208.25 208.67 207.01 206.00 206.00 206.01 205.03 203.01 203.02 203.01 203.00 203.01 203.00 203.00 204.02 206.04 206.05 204.51 203.47 203.62 203.03 202.97 202.97 202.89 202.83 202.74 202.63 202.60 202.47 202.45 202.45 202.43 202.45
204.92 201.74 201.72 201.75 201.72 201.74 201.75 201.75 201.84 202.50 205.11 205.75 208.28 208.30 208.34 208.39 208.41 208.45 208.50 208.53 208.57 208.57 208.58 208.56 208.59 208.57 208.58 208.58 208.59 208.57 208.57 208.56 208.49 208.46 208.42 208.39 208.34 208.29 208.29 208.31 207.48 205.88 205.88 205.88 204.48 203.00 203.00 203.00 202.99 202.97 202.96 204.56 204.57 206.14 206.15 204.54 203.67 203.73 203.83 203.01 202.93 202.85 202.82 202.67 202.59 202.60 202.45 202.41 202.38 202.38 202.40
203.93 201.78 201.76 201.79 201.76 201.76 201.77 201.80 201.79 201.85 205.11 205.75 208.30 208.30 208.34 208.38 208.40 208.44 208.50 208.52 208.55 208.58 208.59 208.56 208.59 208.58 208.58 208.58 208.58 208.57 208.57 208.53 208.51 208.46 208.43 208.38 208.33 208.29 208.28 208.34 207.04 204.23 203.94 203.93 203.93 202.97 202.98 202.96 202.96 202.95 202.94 202.94 204.98 206.01 206.02 206.01 203.20 203.74 203.03 202.99 202.97 202.85 202.75 202.66 202.58 202.56 202.37 202.36 202.33 202.33 202.32
202.62 201.83 201.84 201.84 201.84 201.83 201.84 201.84 201.83 202.32 203.14 208.79 208.27 208.28 208.32 208.35 208.39 208.44 208.50 208.54 208.57 208.58 208.57 208.58 208.59 208.57 208.57 208.58 208.57 208.57 208.56 208.54 208.51 208.46 208.43 208.38 208.31 208.28 208.26 208.52 204.22 203.02 202.98 202.98 202.96 203.98 204.36 203.59 202.92 202.91 202.93 202.90 204.89 205.87 205.89 205.86 204.40 203.60 203.01 202.97 202.94 202.84 202.73 202.63 202.56 202.49 202.32 202.30 202.29 202.30 202.27
203.91 201.89 201.93 201.91 201.92 201.90 201.92 201.93 201.91 202.56 203.15 208.51 208.24 208.29 208.31 208.36 208.41 208.46 208.50 208.52 208.55 208.59 208.58 208.58 208.58 208.57 208.58 208.59 208.59 208.58 208.56 208.53 208.51 208.46 208.42 208.37 208.32 208.29 208.26 208.65 205.01 202.98 202.95 202.94 202.94 203.78 204.96 203.17 202.91 202.90 202.88 202.87 204.80 205.78 205.74 205.71 203.72 203.34 202.97 202.94 202.92 202.81 202.69 202.57 202.53 202.46 202.27 202.26 202.25 202.23 202.24
203.28 201.99 201.97 201.99 201.98 201.98 201.98 201.99 201.97 202.48 203.17 208.77 208.23 208.28 208.33 208.35 208.41 208.45 208.49 208.53 208.56 208.58 208.58 208.57 208.58 208.58 208.58 208.59 208.57 208.57 208.58 208.55 208.52 208.47 208.40 208.37 208.32 208.30 208.26 208.22 204.21 202.98 202.96 202.95 202.92 202.93 204.92 203.89 202.88 202.87 202.86 202.86 204.95 205.62 205.64 205.66 203.37 203.60 203.13 202.94 202.87 202.79 202.68 202.59 202.53 202.38 202.22 202.19 202.20 202.19 202.20
204.03 202.04 202.04 202.04 202.03 202.04 202.04 202.03 202.03 202.36 203.17 208.42 208.24 208.28 208.30 208.36 208.41 208.44 208.49 208.53 208.55 208.58 208.56 208.59 208.57 208.58 208.59 208.57 208.59 208.57 208.57 208.55 208.51 208.45 208.41 208.37 208.32 208.29 208.26 208.22 206.01 202.98 202.94 202.93 202.90 202.91 205.49 203.89 202.87 202.84 202.82 202.83 205.79 205.79 205.76 205.80 203.51 203.38 202.99 202.92 202.87 202.77 202.66 202.59 202.45 202.34 202.16 202.14 202.16 202.12 202.16
202.09 202.10 202.10 202.09 202.08 202.12 202.11 202.11 202.10 202.65 203.19 208.64 208.23 208.27 208.32 208.36 208.42 208.44 208.47 208.51 208.58 208.57 208.59 208.59 208.57 208.57 208.58 208.58 208.58 208.59 208.57 208.54 208.50 208.44 208.40 208.37 208.33 208.31 208.26 208.24 204.18 202.96 202.94 202.91 202.89 204.18 206.09 205.41 202.84 202.83 202.81 202.78 205.95 205.92 205.91 205.95 203.63 203.00 203.02 202.90 202.82 202.74 202.60 202.51 202.38 202.23 202.10 202.10 202.09 202.07 202.12
202.17 202.16 202.17 202.15 202.16 202.18 202.16 202.18 202.17 202.57 204.09 207.25 208.26 208.27 208.31 208.35 208.40 208.42 208.48 208.52 208.56 208.55 208.57 208.56 208.57 208.57 208.58 208.58 208.59 208.58 208.57 208.54 208.50 208.44 208.38 208.36 208.33 208.31 208.28 208.28 204.99 202.94 202.93 202.91 202.88 203.66 206.06 206.03 202.80 202.80 202.78 203.79 205.87 205.89 205.88 205.88 204.03 202.91 202.93 202.89 202.80 202.69 202.56 202.49 202.34 202.18 202.06 202.06 202.05 202.02 202.07
202.22 202.22 202.23 202.23 202.23 202.23 202.23 202.24 202.24 202.91 203.20 204.92 208.26 207.20 207.22 207.24 204.93 206.43 204.96 206.75 206.88 205.96 206.91 205.38 207.33 206.01 206.82 205.94 204.27 206.59 205.88 207.45 207.01 205.02 207.02 208.66 206.81 206.46 205.83 207.50 202.96 202.93 202.94 202.90 202.88 203.92 206.04 206.00 204.39 202.77 202.76 204.24 204.25 205.76 205.74 205.15 204.32 203.23 203.02 202.86 202.75 202.66 202.50 202.44 202.30 202.15 202.03 202.02 202.01 201.99 202.04
202.29 202.31 202.29 202.30 202.28 202.29 202.30 202.30 202.31 202.92 203.24 203.66 206.13 203.21 204.64 203.14 205.07 205.08 203.15 205.22 203.79 203.16 203.13 203.12 206.04 203.13 203.12 203.14 203.12 203.15 203.11 203.13 203.39 203.59 203.10 203.63 203.09 203.02 203.04 203.08 203.04 202.93 202.90 202.88 202.85 203.89 204.90 203.86 203.84 202.76 202.73 204.16 204.18 204.67 204.88 204.87 204.87 203.69 202.89 202.81 202.73 202.60 202.53 202.35 202.19 202.11 202.00 201.97 201.95 201.94 201.99
202.35 202.36 202.37 202.36 202.34 202.38 202.37 202.37 202.38 203.20 203.22 203.26 203.17 203.16 203.15 203.13 203.13 203.12 203.12 203.40 203.13 203.12 203.11 203.13 203.10 203.12 203.12 203.12 203.13 203.11 203.09 203.10 203.10 203.08 203.25 203.05 203.03 202.99 202.98 202.95 202.93 202.92 202.89 202.85 202.83 202.80 202.77 202.76 202.74 202.73 202.70 202.69 204.11 203.41 203.76 203.57 203.64 203.39 202.90 202.80 202.72 202.58 202.51 202.32 202.78 202.06 201.94 201.90 201.92 201.92 201.93
202.41 202.44 202.43 202.45 202.42 202.42 202.43 202.43 202.44 203.20 203.25 203.19 203.14 203.16 203.16 203.14 203.12 203.11 203.11 203.11 203.12 203.12 203.11 203.10 203.09 203.11 203.10 203.10 203.09 203.09 203.09 203.09 203.07 203.06 203.03 203.01 202.99 202.97 202.93 202.92 202.91 202.87 202.87 202.83 202.79 202.76 202.74 202.75 202.73 202.70 202.66 202.63 202.64 202.65 202.60 202.60 203.49 202.80 203.78 202.80 202.66 202.58 202.51 202.29 202.06 201.97 201.91 201.87 201.84 201.84 201.85
203.44 202.49 202.50 202.50 202.52 202.47 202.50 202.48 202.50 203.18 203.23 203.25 203.11 203.11 203.12 203.12 203.10 203.11 203.09 203.09 203.11 203.10 203.10 203.08 203.08 203.08 203.08 203.08 203.10 203.07 203.08 203.07 203.06 203.04 203.02 202.99 202.99 202.95 202.93 202.91 202.88 202.86 202.84 202.80 202.78 202.75 202.73 202.71 202.70 202.67 202.63 202.63 202.60 202.59 202.60 203.11 202.99 202.76 202.82 202.77 202.61 202.53 202.46 202.21 202.05 201.94 201.86 201.81 201.81 201.79 201.79
204.47 202.54 202.55 202.56 202.56 202.57 202.55 202.58 202.59 203.00 203.22 203.18 203.10 203.09 203.09 203.08 203.09 203.08 203.07 203.08 203.08 203.08 203.09 203.08 203.08 203.07 203.07 204.49 204.97 203.99 204.46 204.97 204.47 204.98 204.44 203.68 202.92 202.91 202.88 202.86 202.83 202.82 202.80 202.77 202.73 202.70 202.68 202.66 202.65 202.62 202.57 202.58 202.54 202.54 202.59 202.51 202.57 202.69 202.75 202.67 202.61 202.50 202.37 202.17 202.00 201.98 201.81 201.76 201.75 201.75 201.76
204.48 202.60 202.63 202.63 202.63 202.62 202.62 202.65 202.65 202.84 203.22 203.21 203.07 203.08 203.09 203.09 203.08 203.07 203.06 203.07 203.09 203.07 203.07 203.05 203.07 203.07 203.08 204.75 205.87 205.89 205.88 205.88 205.89 205.88 205.87 204.37 202.88 202.87 202.84 202.86 202.79 202.76 202.73 202.69 202.66 202.64 202.64 202.59 202.58 202.56 202.54 202.52 202.50 202.48 203.18 202.73 202.56 202.67 202.70 202.60 202.52 202.44 202.36 202.11 201.95 201.92 201.77 201.72 201.72 201.71 201.72
203.87 202.68 202.70 202.69 202.68 202.71 202.72 202.70 202.71 202.96 203.24 203.16 203.07 203.06 203.08 203.09 203.08 203.07 203.06 203.07 203.07 203.06 203.07 203.06 203.06 203.06 203.09 204.75 205.85 205.28 205.84 204.90 205.83 205.11 204.67 203.77 202.86 202.82 202.79 202.79 202.75 202.69 202.64 202.64 202.60 202.58 202.56 202.54 202.53 202.49 202.47 202.46 202.45 202.42 202.44 202.74 202.78 202.61 202.61 202.53 202.50 202.41 202.32 202.16 201.99 201.90 201.71 201.66 201.67 201.67 201.67
203.92 202.75 202.76 202.75 202.76 202.77 202.79 202.75 202.78 202.79 203.26 203.16 203.08 203.08 203.07 203.08 203.06 203.06 203.07 203.07 203.07 203.07 203.04 203.05 203.05 203.04 203.08 203.74 204.82 205.04 203.57 204.35 204.14 204.04 204.78 202.87 202.86 202.86 202.81 202.78 202.76 202.67 202.60 202.57 202.52 202.52 202.50 202.49 202.47 202.44 202.44 202.41 202.38 202.41 202.66 202.50 202.57 202.60 202.57 202.53 202.46 202.41 202.32 202.15 201.98 201.84 201.64 201.63 201.61 201.61 201.62
204.86 202.82 202.84 202.82 202.82 202.83 202.85 202.85 202.83 202.88 203.28 203.11 203.06 203.07 203.07 203.07 203.06 203.06 203.06 203.08 203.07 203.08 203.06 203.10 203.18 203.16 203.18 203.17 203.15 203.14 203.10 203.07 203.03 203.00 203.00 202.97 202.95 202.95 202.93 202.90 202.84 202.79 202.76 202.72 202.63 202.48 202.44 202.42 202.41 202.41 202.38 202.36 202.34 202.34 202.92 202.42 202.56 202.55 202.57 202.48 202.43 202.38 202.27 202.06 201.97 201.86 201.61 201.56 201.56 201.58 201.58
203.52 202.87 202.89 202.91 202.90 202.88 202.92 202.90 202.90 202.97 203.30 203.11 203.07 203.07 203.06 203.05 203.06 203.05 203.05 203.06 203.08 203.08 203.14 204.89 204.02 203.19 203.19 204.28 205.44 203.15 203.12 203.44 204.21 205.02 202.97 202.97 202.95 202.91 203.82 202.86 202.85 202.79 204.09 203.64 202.70 202.68 202.41 202.35 202.36 202.34 202.33 202.30 202.29 202.25 202.31 202.40 202.36 202.46 202.48 202.44 202.41 202.30 202.19 201.99 201.89 201.76 201.55 201.52 201.53 201.52 201.50
204.54 202.94 202.96 202.98 202.96 202.96 202.97 202.98 202.98 203.06 203.33 203.09 203.05 203.05 203.03 203.03 203.01 203.03 203.03 203.06 203.10 203.95 205.73 207.19 204.03 203.19 203.74 205.99 207.54 204.47 203.09 203.74 206.84 206.75 202.95 202.95 204.01 205.64 206.29 203.60 202.81 203.84 204.34 205.62 202.68 202.85 202.60 202.33 202.31 202.28 202.27 202.25 202.23 202.21 202.20 202.28 202.25 202.42 202.48 202.40 202.36 202.24 202.12 201.99 201.83 201.70 201.51 201.49 201.48 201.49 201.45
203.63 203.03 203.03 203.05 203.02 203.03 203.04 203.05 203.05 203.14 203.35 203.11 203.08 203.03 203.02 203.01 202.99 203.00 203.03 203.05 203.17 204.24 204.71 206.11 204.33 203.15 203.84 205.67 205.83 205.06 203.06 204.48 205.20 205.63 204.12 202.95 202.88 203.77 205.12 203.25 202.78 202.79 204.13 205.60 203.35 202.68 202.75 202.40 202.26 202.25 202.21 202.18 202.16 202.15 202.13 202.16 202.14 202.36 202.36 202.35 202.32 202.21 202.10 201.98 201.82 201.68 201.48 201.46 201.45 201.44 201.41
203.85 203.08 203.09 203.09 203.08 203.10 203.10 203.09 203.11 203.21 203.36 203.10 203.07 203.06 203.02 202.98 202.98 202.98 203.02 203.05 203.24 203.36 204.01 203.57 203.18 204.00 203.13 203.53 204.39 203.42 202.99 202.98 203.65 203.64 204.52 202.88 202.83 203.71 203.25 202.78 202.74 202.70 203.08 203.03 202.72 202.75 202.64 202.51 202.30 202.18 202.15 202.15 202.11 202.11 202.10 202.07 202.13 202.31 202.36 202.35 202.25 202.17 202.08 202.00 201.88 201.69 201.48 201.43 201.41 201.37 201.34
203.16 203.18 203.16 203.16 203.15 203.15 203.15 203.16 203.17 203.27 203.38 203.28 203.11 203.07 203.03 202.99 202.98 202.96 202.98 203.08 203.48 203.31 203.43 203.38 204.81 207.02 205.65 203.48 203.04 203.90 205.70 202.91 202.88 203.73 204.08 206.14 204.15 202.77 202.76 204.39 206.26 204.05 202.75 202.69 202.77 202.69 202.47 202.41 202.35 202.13 202.10 202.08 202.05 202.06 202.03 202.00 202.00 202.19 202.25 202.31 202.21 202.09 202.01 201.93 201.84 201.68 201.50 201.39 201.36 201.32 201.29
203.23 203.23 203.20 203.22 203.21 203.21 203.20 203.22 203.22 203.33 203.40 203.32 203.13 203.11 203.02 203.01 202.97 202.94 202.98 203.11 203.29 203.31 203.46 203.36 205.90 205.30 204.86 203.04 203.01 204.32 204.70 203.51 202.91 202.88 203.67 205.55 203.29 202.72 202.68 204.26 206.14 204.66 202.62 202.65 202.55 202.47 202.39 202.35 202.29 202.09 202.04 202.03 202.01 201.98 201.96 201.94 201.92 202.04 202.20 202.29 202.15 202.07 202.02 201.87 201.69 201.60 201.47 201.33 201.30 201.27 201.24
203.39 203.28 203.26 203.27 203.26 203.26 203.26 203.25 203.25 203.38 203.43 203.45 203.15 203.10 203.06 203.01 202.99 202.99 203.01 203.12 203.25 203.27 203.29 203.34 203.98 204.20 203.34 203.00 203.08 203.30 203.22 203.38 203.00 202.86 202.83 203.10 202.70 202.68 202.63 202.94 204.07 203.14 202.70 202.46 202.42 202.38 202.35 202.34 202.25 202.04 202.02 201.99 201.98 201.95 201.90 201.88 201.85 201.99 202.08 202.11 202.03 201.98 201.89 201.80 201.64 201.53 201.45 201.32 201.25 201.22 201.21
203.39 203.34 203.31 203.31 203.28 203.30 203.30 203.28 203.28 203.40 203.43 203.43 203.18 203.13 203.09 203.06 203.05 203.01 203.02 203.15 203.21 203.21 203.19 203.13 203.70 203.63 203.26 202.96 203.44 202.90 203.10 202.90 203.18 202.94 203.04 202.75 202.91 202.64 202.80 202.66 202.75 202.63 202.50 202.37 202.33 202.32 202.30 202.28 202.18 202.01 201.99 201.95 201.94 201.89 201.84 201.80 201.80 201.96 201.99 201.94 201.95 201.85 201.80 201.64 201.47 201.38 201.36 201.28 201.21 201.16 201.15
203.47 203.40 203.39 203.36 203.33 203.33 203.33 203.32 203.30 203.41 203.43 203.41 203.19 203.16 203.11 203.09 203.07 203.04 203.03 203.06 203.18 203.19 203.15 203.07 203.11 203.05 203.03 202.91 202.89 203.21 202.80 202.85 202.78 203.05 202.72 203.08 202.60 202.91 202.54 202.87 202.55 202.55 202.42 202.33 202.31 202.29 202.26 202.19 202.15 201.97 201.93 201.91 201.87 201.85 201.80 201.75 201.76 201.86 201.92 201.88 201.82 201.78 201.75 201.50 201.41 201.38 201.37 201.31 201.25 201.14 201.13
203.55 203.46 203.46 203.42 203.40 203.38 203.37 203.34 203.31 203.39 203.38 203.40 203.23 203.17 203.17 203.12 203.10 203.05 203.01 203.12 203.25 203.17 203.14 203.07 203.05 203.43 203.08 203.39 203.11 203.12 202.79 203.20 202.86 203.19 202.68 203.16 202.64 203.09 202.87 202.76 202.74 202.50 202.39 202.38 202.31 202.25 202.20 202.15 202.08 201.94 201.91 201.89 201.85 201.80 201.76 201.72 201.68 201.78 201.78 201.80 201.72 201.62 201.56 201.45 201.41 201.40 201.46 201.43 201.40 201.27 201.19
203.56 203.53 203.48 203.47 203.44 203.43 203.39 203.35 203.31 203.34 203.32 203.33 203.24 203.22 203.20 203.16 203.12 203.08 203.03 203.08 203.11 203.11 203.07 203.02 203.00 202.94 202.85 202.82 202.79 202.74 202.73 202.70 202.66 202.60 202.57 202.53 202.51 202.47 202.44 202.42 202.40 202.37 202.29 202.26 202.22 202.15 202.10 202.07 202.02 201.92 201.91 201.86 201.82 201.76 201.74 201.72 201.67 201.67 201.72 201.69 201.65 201.61 201.54 201.50 201.62 201.65 201.52 201.48 201.44 201.37 201.30
203.59 203.54 203.49 203.47 203.47 203.42 203.39 203.36 203.33 203.34 203.30 203.28 203.24 203.23 203.19 203.15 203.12 203.08 203.04 203.01 203.03 203.05 203.02 202.99 202.96 202.90 202.85 202.80 202.79 202.77 202.74 202.69 202.63 202.61 202.58 202.54 202.50 202.48 202.44 202.40 202.37 202.31 202.27 202.24 202.20 202.16 202.12 202.05 201.95 201.91 201.87 201.83 201.79 201.73 201.70 201.67 201.62 201.60 201.67 201.69 201.69 201.67 201.60 201.76 201.77 201.79 201.57 201.49 201.42 201.41 201.33
203.59 203.55 203.50 203.48 203.46 203.42 203.38 203.35 203.33 203.32 203.30 203.26 203.23 203.19 203.18 203.13 203.10 203.06 203.01 203.01 203.11 203.12 203.11 203.09 203.05 202.94 202.80 202.73 202.72 202.69 202.63 202.95 203.10 203.05 202.95 202.99 202.82 202.34 202.34 202.36 202.43 202.38 202.38 202.34 202.38 202.27 202.24 202.14 201.96 201.91 201.88 201.83 201.77 201.72 201.68 201.63 201.56 201.64 201.79 201.93 201.90 201.77 201.76 201.74 201.61 201.56 201.58 201.50 201.44 201.43 201.33
